705816
-391340
184522
794001
219202
-644570
-306696
352772
106036
-985121
344280
780150
-639844
840467
19050
605992
930402
131704
-176628
851737
337384
128908
572827
881209
-722092
-90005
860695
877793
315141
-935431
-152953
852499
933740
651345
598455
799221
972288
-808501
156577
294607
-422476
-966764
-958066
171900
-309318
-838873
777973
315772
-370774
-474929
846324
945126
327910
-956001
-247826
-218116
948813
-745320
678644
798987
-338596
900923
243374
-101751
475242
612408
-958785
139452
-329481
-198498
698629
-570879
515571
-483206
-594883
-262818
823349
24169
134913
-650781
900074
954875
-425627
-466480
674512
559662
-339780
639720
-400471
65261
-423187
-115713
214587
-434063
417842
571469
-335956
-599894
-110222
-415342
-134330
732354
828118
-521313
172879
-671020
283009
-257906
938682
972218
504395
-497528
-829281
-816950
250286
-888797
331684
641719
62271
-411502
-903912
-780483
897471
-767483
-987809
-612152
-397532
-776527
753099
262555
413922
-581459
51469
829160
37305
118232
-27919
-29568
-183173
850812
99289
863649
429840
-771975
-661509
-207976
-636929
395758
-803816
786929
-187084
911683
6236
-810391
688468
-919416
-926283
-843735
-36381
495571
-551198
74188
58894
-138783
-557814
-851520
191726
510731
163108
63712
-556455
-810490
-45927
928109
-740044
-679895
-932358
-789684
-484709
-874231
-442010
-578376
516921
639249
-278181
-297686
-952045
-685276
142232
-577025
-730584
-864700
324690
844329
-981004
-649931
-603559
-723273
420405
744953
-480564
-316222
768117
-546113
594332
399179
-565944
863559
513097
-534139
316510
-594603
-842983
-106433
-384641
-946262
-617728
-492804
831742
873205
-221872
684624
995203
-217073
-442850
-957893
-902210
417149
-686077
-374974
820850
183797
31824
791186
59348
163513
383962
844439
-982178
740444
-391512
355314
-908323
-569797
-916154
120059
-321167
-87748
-161726
-439236
22737
-848519
567148
-27414
297921
-723233
-586679
-227296
754390
596297
-423983
-688423
808456
-623292
424363
-63001
348176
-292531
10337
190026
459905
868012
27008
903633
279578
-907381
720721
619895
-293162
-498509
-989993
-394721
-308111
-135006
809201
377589
-127414
403159
-483008
540732
443178
-930852
542975
-159210
417872
-87928
-663341
476085
465184
758191
907138
-285921
-726979
585387
-741120
-863484
-276104
711731
-342985
-129497
422016
-927402
455800
947798
-261181
-568300
-523883
713038
-29871
-636971
-830039
8320
-593030
290047
321690
94587
-80395
86971
-913586
323989
805605
-544767
601445
-328332
960795
-97551
545120
309304
299322
553275
-370792
-303407
-250576
-476422
-142401
944767
249259
702678
-555944
974161
-152466
253406
865246
-822173
40440
77010
-420805
-916124
-195182
-52928
59122
-718947
-78112
-829490
-56426
-346843
179230
368350
33836
-805525
739653
-949639
299424
-766144
905683
-808491
-621521
980607
-908256
781669
-11410
973930
71266
757122
663667
-135573
289698
796956
-227469
493953
-398351
-615417
730645
-857725
-468046
-240163
256835
885829
-175850
-183864
-142837
597419
624474
712260
687641
-291292
251107
-261714
59222
-788641
352417
-430273
-135378
-147805
788515
933244
442356
695304
931966
689886
434951
-261362
-546910
-617621
-352174
188625
51297
429895
570283
987083
-529918
752886
-38091
485144
113198
-352044
481545
-171363
222613
891389
-468944
370936
-26621
-643385
-200724
-776702
375245
756883
552874
-877864
586167
-576877
-363447
-905967
128529
-323835
926397
-14464
660097
-103697
-612611
435851
-360922
495207
-396418
276650
200941
380349
672412
250320
180288
-876666
352895
-256062
988838
405665
-491461
162190
-7857
74114
586429
473648
-888416
-762250
483782
289441
92504
527950
338846
774126
-282642
-673125
-411712
-262722
-506515
-602111
524817
-911399
490851
-151913
-249497
-596509
768691
808127
-169168
-194244
-830423
628050
911892
226751
-724800
821385
234361
-832968
366051
-844039
493095
-768560
-726851
972375
745409
158506
-25894
-608578
241480
-721348
-181712
-79733
757863
-973307
-828609
337785
285450
353087
404939
-180360
-110012
56651
-878775
82401
451263
-170717
32305
498388
506521
-352156
-251054
-306670
-150530
-351701
-693325
-648460
244667
-969011
-258253
922716
-860388
313581
-378498
824901
339880
815275
-120072
-506559
59678
-844131
-975447
-827706
-187582
-815161
132712
701652
461025
723217
254657
-268559
585455
-700449
543271
594852
692555
37921
846189
-839448
791822
-157244
285853
-489548
484274
875510
-403722
256623
862420
995756
239844
-999899
330956
533708
-389882
831238
-996196
167613
103342
191747
-765757
-207624
-924655
-822419
87009
974432
-864844
-111832
-1516
588124
403665
606130
-634912
492404
-142588
-204645
968633
-95332
-303203
-664774
-219739
751384
208937
242505
-214210
-111771
983862
653378
440733
326048
528414
-38040
-724818
406228
-502266
-203645
736126
279801
783281
23629
202997
596431
-769339
795463
-811786
-543738
-466456
256440
-842473
-198263
339234
584275
-784120
867645
-463846
250483
-119021
-787856
-524261
49368
-355858
-758230
-537440
918188
-280079
254851
579858
-551899
578931
100413
143147
-200148
762956
-298746
920334
755611
-47446
-252421
806935
-515067
-80501
386781
319892
696078
-935710
-168509
408806
582177
-1926
-907520
73248
-20755
429093
-433646
-69293
795985
925822
835956
-28079
-710617
938255
640893
-756611
-272363
243517
-275127
-410733
933380
-484517
167191
-693537
-376217
898448
671646
494624
537844
-677361
264130
11822
-139924
351717
177704
-854676
676169
523567
299182
949990
-313862
923871
-320365
57052
-774129
-978937
-20954
-256049
554979
-191042
542081
-729195
-474741
-196235
180177
173942
39791
494840
-473749
943069
-500235
-432229
369014
-726304
-548060
874582
276979
-534600
-884713
359372
4279
464781
-620509
-381987
716230
361713
362300
-924536
-632976
-394358
-302643
-554268
435905
138054
-671271
-378591
-660456
11063
-627585
-677698
878440
567204
-372418
255902
424827
662472
631947
-914679
-243891
-626203
-307917
882344
-496838
58852
613278
-775168
4294
591169
740730
-265091
549122
-911296
493722
10337
-245795
-32331
212564
-726200
137959
511815
155268
-708081
508879
741648
75986
-722215
-441204
-950419
-158208
-490008
-351244
802627
-633649
-972311
-926860
601215
478812
-898752
-37440
-876806
934353
121734
497037
529143
-830168
356749
-378702
539532
321907
-554985
399403
246921
602425
-564338
530027
-918829
296708
-614484
-917699
595651
126274
-209679
287394
-697679
457227
835565
170055
134214
310505
821248
150639
-981048
887994
769480
875228
708679
149524
-39929
-871812
36090
371815
-50497
564717
-979124
768889
811029
969644
-210197
-119276
439743
939003
621738
-541655
-22015
424604
954024
281020
-592555
638194
-628396
-9237
-820437
452361
296661
801581
447424
-41567
-706198
512376
618742
-879555
448629
891246
-772861
-679119
-84842
208536
-328799
-673225
-89215
-815039
856272
-198883
148419
-462290
-120899
-838879
405530
935639
-413853
-806455
-754034
534919
-487073
638028
-987650
-614430
966371
81499
989659
765287
-593612
-809775
-397308
-97317
-504338
-292335
-286892
-12335
-197038
-755770
64829
-8271
712271
-762453
375175
-435221
931455
-892425
74669
-266657
-714461
318544
-946084
-1196
-459673
-156456
-47252
-413548
-617257
552731
-48342
445436
-772340
267264
983301
-376368
-99907
371445
639193
-372467
524268
-727673
721084
-663853
-369087
-298017
596518
339643
-902283
-858869
-882452
963934
-50554
-543203
608463
-759075
399963
852005
107804
-661625
991499
-377797
-379816
-947077
647035
-307139
-881631
-979204
-573867
-834080
859184
-837225
275106
285083
435419
-118917
-197176
551669
681451
7250
373801
208400
918881
-198666
888905
-788418
-635976
176239
-258014
897435
-182375
43702
-929781
-682470
-368466
-716680
-614718
-295433
-870560
469187
388648
983992
-641678
294611
56187
125383
-431142
-801248
66000
-448966
-402136
-28522
-868699
394178
345479
-27302
-709724
18219
799484
502452
311884
-684779
-260936
851995
894
-603739
-570011
693867
-25765
-563167
581313
-170349
439376
-143568
179591
-117971
-69856
500151
-11927
-305183
730789
-487022
-209364
-568155
-4688
429381
-385526
-508584
-81852
674376
-353644
-87950
886258
841463
-111730
42826
363407
-936794
-905025
494350
650592
-276336
259396
-245308
192340
177867
-160993
258403
903387
-899832
537306
75618
-135028
-634997
62849
925136
594996
637403
225512
-757891
-347452
348401
889568
24731
-979330
212324
519657
-313581
954488
429580
-376584
180609
78935
470719
-490901
-391251
-393268
741716
372662
-327533
-570273
-940367
644590
782895
583459
63255
-351657
106037
-508168
-712474
170065
817808
155332
565583
-677506
194026
580048
-707696
-441440
-84465
54418
-581863
572089
758894
-252888
-947135
495101
-256600
593050
322629
-852493
659803
601129
-587988
-446645
201141
973200
64795
513948
444256
243891
-70495
614559
740079
-946336
-732824
-651395
950162
-144486
-410205
473915
-532556
-735631
-149901
-678846
312960
-94339
19990
864878
142954
131685
22844
-362902
894181
337202
775781
72307
-423063
624211
118267
373424
914549
198896
-222251
107167
-58212
405569
181481
-187399
31574
-596260
-890276
-536169
317545
874460
-164240
677080
-142855
458146
-1169
-382466
-873293
631837
710530
-13091
20787
368077
-823711
-741531
873218
583981
274159
301289
78299
-584188
-569094
305918
-256580
-46777
-901455
168776
-758071
-735954
-321641
382535
-805599
556570
49893
310752
-243410
-567755
-447187
684746
-706855
-91937
154041
-296403
-933184
671293
185996
-511681
42610
863385
-444457
659382
554183
-353669
221658
671963
622503
-855508
-105715
778621
-602786
-945987
-285047
-62788
-900905
-377393
-429561
859406
439788
-62689
-440171
101361
-438847
277278
78478
723739
530629
-943172
213117
-33716
-471143
-649339
707555
233879
-813407
92756
584985
-699950
-232063
494218
-358796
-803998
881726
520569
-76455
-94669
395683
796055
-871059
222855
452544
-715936
190023
-439340
-996241
-66594
-788188
427336
-991861
237380
52921
567343
-857514
-149077
-601299
-353989
998008
-694087
567960
-159346
-615482
416298
6947
-833288
-135818
-370203
285329
-355909
-11400
210674
-577947
-786157
941812
680286
-439291
331037
737074
-401951
-375103
149463
543565
-182161
-557421
567367
700022
-85221
-399576
-548416
245145
-34675
106847
476618
584147
857936
493603
-936238
410689
789968
311884
102790
867195
351906
-491492
450205
461676
573405
-769896
-48213
229701
-919572
-147888
659813
107310
-227213
-199020
268895
-781999
-308759
-887388
-659921
-703536
445464
-306393
831225
-595257
873682
-661692
-209760
102873
-875644
-899137
-217876
-649158
313942
-951142
402258
802566
415463
-960594
-89805
-647507
344518
-889974
-352663
-20585
209695
-909493
151752
27051
-278752
906358
211655
-771704
838525
-983902
753173
935896
218957
544855
-982823
-332380
315633
529780
114730
951340
-82581
121418
33101
-504879
595264
945733
238773
619670
484742
-242952
28900
-844379
-770482
604116
992151
828131
-250871
161006
721892
-464937
959290
92404
-597527
-933780
-53688
-529286
530009
713523
730753
-944574
154719
-542449
555732
703789
-763418
-961136
-208119
-269394
-608439
607027
756634
342373
348472
-130968
861613
512025
558567
-198134
882277
252744
996166
848882
-993600
314217
471272
-988591
-985253
881333
-713125
261483
-91218
-565126
506250
957873
64962
-296243
45775
-678148
-147055
476531
-237750
524891
42376
-624584
-792946
186134
177692
-166137
919216
-648898
142809
343728
350884
901023
-856721
-934287
-275307
-732936
60494
-920055
111902
-506942
998517
-427889
248601
-25588
430365
-345628
382943
-400730
826380
78264
-248624
-448939
739484
843806
226591
420096
-364578
101328
-748984
667545
-67339
783102
322046
-386368
-264486
18473
381258
-901456
306465
-381167
-12446
-997686
637443
-140889
758869
260013
422780
375332
-854936
-334674
855656
-387289
49889
682133
37310
-156363
-728443
733888
-642945
383198
-122505
-905528
585787
196261
724809
-844698
-61764
332945
-211953
-740053
424039
-934942
381008
-120812
-232425
348226
-194423
522976
284187
29422
-726926
656389
925453
232206
702880
96729
599789
703393
41295
571757
-198048
-997860
-751497
10474
-160820
65556
926751
-670309
787579
-846167
755758
366765
735039
-730505
120062
906605
978952
29077
-936573
878301
-737264
-335984
-208183
516265
-997285
63866
604788
-512650
608618
-598032
-337758
738503
367123
-719864
-220809
776037
-991442
-520981
-499234
624354
130381
342136
458466
-49595
-100638
841238
-980618
107144
736260
878136
-162033
-926899
-636662
-678204
641474
-158507
-700957
-246808
-119000
-115998
-606518
511858
-128028
726342
-341057
-585222
-624854
-210983
26905
872220
873023
869174
350060
800114
127443
427701
-69032
995029
982271
945635
-958728
-363035
-737564
-320333
719732
810867
170765
998642
-274112
859324
-271136
-40485
111924
568673
972541
279006
11129
569628
570239
-787166
-511828
752864
360895
-29362
-589390
-327971
-77256
-376307
-9123
-103421
790715
106529
-518402
-886170
-885567
789364
-575340
770894
-619572
922506
-724654
495617
-999250
-149597
275656
-213185
175198
817636
-865146
292653
-958630
264297
-2009
-832119
236039
-518041
-432213
794969
-636195
-375085
193079
-775003
-288762
-741200
-620637
-249050
-386291
287261
400203
-158231
-637303
-200266
-933893
261286
-995277
-729646
801000
-628375
-919802
346443
143862
-775372
-396065
445053
-303199
-727155
-650835
-416014
-821964
288044
-695309
-241513
864432
139143
207607
991203
897425
91181
-929320
-923525
-342531
-604000
28848
779517
966108
373224
670306
182268
902548
928599
-625442
767066
-897286
554170
403288
172861
-372432
-953474
-836089
187227
528463
17349
495455
-455795
398428
-917875
680927
109440
-966441
-190788
-409151
-422471
990419
181523
-260008
-102059
-919580
466054
993093
740939
-960449
-526538
437242
809197
757986
295673
309060
23364
-724690
-222154
329061
-983332
572178
-501443
-720795
-896053
815752
256288
276773
-96175
432017
104878
-893615
-282659
-835506
683175
-528717
-188329
93169
-182888
850797
433710
-323843
152260
-4547
-177611
494706
43712
-355827
601649
345488
905682
895958
-91236
574942
-775466
-444353
-733553
900374
460248
313451
-942628
722797
772832
415970
-689048
719358
-139902
-324123
-65094
-24650
-170364
880605
517935
-670569
-147017
-366850
-241159
656738
378466
-352587
-664917
-873352
-724006
302330
-246261
268658
816470
788981
-691097
845060
-418572
-271321
558028
934360
361564
-334941
-680838
-510474
-298389
755059
815951
-457458
-79558
640540
832769
695064
-256696
290758
-664836
-90066
-429189
291897
531530
-232709
733071
-820949
341677
301943
-826002
479657
-633246
375438
198603
-190803
186574
385929
600723
-56360
-340876
-130947
329606
251495
-258130
-635135
808967
-867224
-130769
-329237
325692
-829381
-192713
258693
-563018
-573713
-624628
756193
-187722
742532
358805
816981
590936
784881
632645
36399
640375
-754779
61395
-274133
-810107
-103074
-562357
-324251
88041
626951
-463723
58454
-693831
811291
-401941
657487
279851
-440551
-515933
-35904
-750257
-238106
-669511
-278012
-7459
674468
281825
-240428
-848139
909233
423059
-233027
-406138
344536
951646
-91959
-311987
-706843
48974
-632192
541474
860889
958530
166462
-483675
873096
227897
359823
706169
-650759
642648
-460585
-784538
746568
-45266
-378602
-371250
-269642
790974
-258996
376532
-44519
573855
225889
-162401
-646778
-20717
-4733
-306634
-653948
583604
-884881
-651849
-507631
-905402
168177
135444
-378393
150424
-818020
480324
503211
413740
535297
-838407
853533
-834603
380434
638437
190846
-537417
232447
742240
629179
-309403
153106
29321
-122813
630665
629551
995918
307614
165233
-895196
292773
786447
-450912
75207
-320817
854100
-865153
-240652
-328823
-731420
-16061
637949
713531
-294240
275614
-927761
611581
25439
93551
854287
-476168
998863
-325874
139385
-534726
-140661
957688
887084
-285370
577275
-400068
-296376
-588866
84898
-172097
423607
681719
-300607
-526685
-505897
478168
55983
-505869
256456
307675
82796
-301326
-347509
51800
372754
-969643
403207
967874
-1241
455456
-588888
722786
512256
-901098
-968299
-57138
-88532
838985
-495336
-372204
833165
249205
430045
914873
964477
-786196
748350
982382
-384559
823049
483475
-753972
-182821
-297060
-527948
915619
725074
583284
-768455
580844
984583
-277696
992741
-419346
-491713
219119
34178
790061
608480
-904913
133468
-591529
421051
-646122
-858858
-66069
-145939
-593851
-506482
-417028
45224
-137631
-507370
-378151
63427
-760130
-412115
680113
-707769
104258
-593331
-566768
-614873
-107223
-816515
-341055
-738426
-342430
-358463
48994
56445
192622
877443
574382
-206615
22575
336724
408467
404338
-687964
594775
469444
-309805
923763
962515
407545
220046
-49007
-920448
-636391
204069
-930779
167627
348238
40901
-18890
235661
-274544
-830028
-340583
775048
714447
500895
974174
-408068
-458635
-174952
51958
633190
304958
217975
340538
-834039
-92584
913504
-29914
-433268
708849
-831066
780649
48433
-974804
-954431
-478551
957458
608645
-434015
-648037
-658567
193169
-15593
-167434
807531
443443
213851
-780274
423072
950521
379062
-20129
-268691
889301
721757
962473
-904369
-506359
-150735
317012
827044
610200
698781
46187
725897
-127510
198875
361557
666920
-342798
-213014
-849112
-90275
-212064
150062
-683799
-948683
-673837
72677
483062
-406676
430793
8534
244853
-214096
-508237
-975890
470292
-776264
-209442
-182096
527499
-627255
-916595
-577657
-609209
-760104
400978
74279
375503
536940
-74909
951493
973996
-941698
-56690
-434006
-929666
302962
-875136
4166
-281575
9835
477383
247322
163877
-940217
676650
592803
423555
92273
880202
2090
-722580
716437
-342080
1985
140565
-628611
-318077
29448
188081
281211
233684
-439769
-605410
-835189
441006
-834786
376852
-335740
-929904
-379563
207202
-568040
601402
60041
-706166
-433288
903217
110183
-573066
-173367
-717578
94164
-736900
-798832
99079
-8315
240835
190745
-181973
-129295
-530672
-175233
306728
673694
947793
-419490
-561828
516534
-912201
-240887
998235
80959
-428725
257916
-437010
429065
440373
-946558
-747382
-399145
436366
-328309
602891
74692
981641
-555176
-823601
-205587
351916
-908589
297475
-837255
-82937
414356
563724
-936385
-92585
-128576
-141725
-270099
919994
732951
-686026
-883578
-60665
913452
741969
996782
949595
-892112
185740
-437772
528944
174041
79443
70371
805122
895224
914181
-721434
-712256
-715331
179797
-646147
-621904
-720123
59236
583614
301181
654356
-969950
63658
-341824
196563
-505179
53792
-389263
393404
-195976
-541176
519534
245348
187523
435420
-841751
349363
167995
626950
-80870
412717
-255784
932563
-204168
-111775
-732939
-539627
-134656
-822305
-680102
-426752
220107
546718
-346225
-194576
-722754
537844
-373813
590330
42590
-195006
-591090
469783
-711993
-421274
-706440
308244
889008
128624
554466
560257
312850
567146
513231
868300
-513028
-333411
-513515
-208887
-220074
-623885
711898
665176
788447
437487
-857119
-149060
-232446
-611697
932218
842905
894493
-171577
674028
514298
199023
-162489
556968
632608
460294
834892
-546500
-79405
-38221
801138
-426922
-514101
892338
951472
-375612
351021
165591
556364
-456323
130159
577915
456252
332286
-71578
-946285
155838
825728
306329
458023
-58478
-23103
699640
853370
582995
558030
425156
-325087
114688
-744761
698140
-423464
-905659
-188506
-946330
-828469
-405448
340870
-571068
-143421
-661875
298201
699008
398327
278988
545561
-940243
675600
-971333
168747
182230
-860123
129316
723194
170983
336173
703522
639026
-411869
-327483
450413
517244
396334
695926
-477282
584782
-223463
-112856
404884
-621522
535747
-919770
685507
29087
-577133
303913
154825
182158
-618595
173869
20880
-265125
464769
606838
-901583
-369532
-617404
-376714
-166753
307846
241090
248722
-566411
-879045
652093
869943
-388775
832299
-386071
876192
-166886
493637
-113832
909713
833417
-474234
-585820
-163381
902597
482273
-308586
-599597
288384
83529
-860303
847789
574982
744569
148220
-243591
-569000
796139
-777549
-57160
363404
204494
-143790
-646597
-738785
954985
-726439
-461988
758297
-704717
556203
-183543
-555443
-272865
938986
-962791
537794
-763260
479157
589137
-578544
-774837
327316
-195367
-512220
106746
831854
-228617
229849
-620750
-425286
-993411
462944
352090
-285050
505589
312640
-806781
290973
611605
731400
859748
-415950
-219110
296559
-189191
65271
315542
869437
797200
-399181
-369779
-369816
982566
-501965
560984
-542702
374255
449910
-297369
-284843
268952
-951024
-430336
709025
-686713
-566481
206694
116752
-63615
-753121
839396
943743
861232
-778579
157613
-447736
125930
-428738
-159256
275663
-600053
415423
50544
-727962
-121390
770320
-847048
556981
-878507
766988
659631
-620954
519374
970343
-383958
-53635
706018
-937572
-779461
-242080
86566
400107
-627322
-935834
-404824
-851741
744744
-953924
-474981
237312
335786
620019
-53058
690791
-562972
-178840
669511
-526944
-131535
459298
-563424
-696729
-50537
-778842
580853
-42284
-998488
-240712
-515591
320838
571834
229482
960454
-915401
239406
-666718
811494
764736
-928386
-533058
-712839
-126954
136494
-184124
-577684
-165078
969136
-424716
-997632
317902
692034
-697784
162893
-176664
-192118
15839
485253
867434
548189
487015
562315
549259
626833
358231
-532662
-663749
-638989
-380900
-195942
-435793
-86376
-468579
848196
-359219
537951
785151
-19674
-75809
579898
912864
-192455
-905247
-704556
-802524
513627
-948966
768716
-613812
458304
990067
930023
-519859
-868485
-310041
-517058
995390
617662
-404860
-607727
-278210
708555
50474
489785
220412
362262
-642533
183270
-601424
452245
300098
896674
833366
325995
-3943
-401999
-668645
60262
153254
-707176
506860
-672834
-70427
-349303
-415385
-927372
741296
-540518
25912
-489505
205735
-104737
158718
-259947
222222
35988
26400
-1251
446644
518116
-794850
-654714
-203686
-880935
-493214
602740
-103824
380786
-985878
209493
-123195
-820639
797109
-638088
519790
141981
245799
970891
-304076
-317704
221750
827719
-498882
900822
-824452
-306439
567826
-490532
-154314
745465
-498071
-531325
692041
645658
-712182
773366
-880620
560466
75039
365519
-346855
-534987
-909222
752717
99463
-159998
-265124
-11404
-65985
-698902
199703
206153
-973848
-532719
225920
-793424
-524244
-283433
422844
-678249
873010
-860800
-694312
929554
-55696
-251179
-959496
510347
-795128
-453168
-841598
112549
933159
-57859
-956771
-174958
-469494
-222434
-119669
-195021
-694997
291504
819588
-397128
-441141
-870987
-554718
40556
648026
567716
-441510
131340
-621225
319547
93825
-346973
74660
-167756
922725
499629
-432107
-694155
978347
-448443
129204
643918
-232978
209505
727208
245097
347151
408680
-913371
-113862
698027
-474402
732241
28558
867417
551215
337192
210692
426272
474187
295207
697227
-889558
-634056
-485520
-137228
178251
597708
-81382
-461037
665010
-4345
583769
473252
-765961
795051
464073
-573296
-495565
-527799
174249
-970940
-615344
-289654
591670
-72525
-439108
-46148
-897135
613928
-93353
-701304
646960
-189594
-291912
-159040
-792441
336617
-350533
785793
-874119
-173112
290287
486615
397214
850231
97683
-982870
426026
253018
773308
871451
-787903
-466634
406376
338276
-313883
968677
-417437
-933971
558136
-846817
-530528
-771263
-687539
524431
-594842
-259432
255651
-196784
-621774
-718356
-92358
342343
691162
-855382
-795121
-516603
725118
-957399
515851
-325041
740922
578389
-768833
296071
-334400
-863413
-942383
794153
198157
-38135
-205312
762560
-149931
283791
503849
-662280
-532237
30739
-900925
-192122
-452242
-27004
308472
803403
-157781
897561
678641
-92585
-824105
79333
878733
-654344
-83542
157740
24174
-42992
552551
-240917
500170
-278615
-165938
-521839
-259212
3467
-818619
162375
507447
-695664
-688253
274869
946678
603436
907055
352582
208865
339717
984711
-9979
-306818
369259
-919293
211581
-163514
14148
536194
414984
753870
616894
307596
-555376
-226414
-402603
-936485
848530
-292086
-35340
53888
272471
385944
903755
478935
-287507
449075
-879825
-944960
805174
-884629
587711
620106
700759
293023
-335937
994032
-166978
50798
-632521
-655970
-740902
-690589
148930
-25885
-67298
11890
-665427
-749007
435648
341132
191420
-836021
-268270
556520
-972972
-929717
-870252
-191544
-339156
-629774
-148968
798896
923966
969349
183827
-386618
-652743
-854911
-545911
-169535
834786
-415129
864890
496797
904278
323051
473864
-19213
818203
-661838
-17052
85544
612129
-834154
-938808
124625
-711984
-960940
234272
342572
-919116
-437948
147801
-574006
366020
-635444
86874
281542
-643150
205334
44133
-237306
935032
-446790
-167881
786286
-235027
-595919
-516365
-58665
999972
838150
58361
-788323
-179612
689043
-880491
-383019
-972115
-928248
-514883
-886533
-183983
410175
-561948
718380
-13483
-405945
548238
-75793
125684
779413
-112362
-479492
-489495
398721
171609
194963
-372628
115542
-815313
679174
589800
258934
544860
689274
177043
-164445
-672467
-304891
940983
931573
570046
-213293
-869835
-618970
815586
-313133
-733061
11253
-548663
771642
-653454
38148
-423549
-5756
582574
-337110
921449
-121546
440500
-970566
788716
-914749
530205
452009
-673707
-640417
25895
607346
-851954
-702086
823845
797959
531130
26256
620288
-736486
-813148
566183
-699652
827673
-150727
477633
881871
463904
546133
397468
213448
-278682
-143608
-766838
340111
-815182
665121
178003
605996
-279465
-699535
-716125
-786704
-38557
-129093
-399416
522392
-547929
590602
850885
-346146
-654947
717669
308412
326410
637280
73895
-76120
24422
630853
-335946
997883
772548
532930
865713
149972
-206371
-194261
-968337
-969798
-462746
-521980
830928
264948
29088
426068
-444290
621859
130239
566962
51908
-755540
745068
-669583
-103522
52495
-448914
713981
502698
-406532
-837645
-429065
-517753
351805
545292
-257049
-355118
-597636
639949
938090
316323
987686
-255229
-604824
-124626
570632
702025
220567
-156153
-501505
437102
-344391
3429
751892
-981166
-579074
302625
484856
-946422
722921
-479837
314479
-501582
548186
-561676
623349
-515728
-420315
274337
591683
305785
873563
343418
-243270
-831383
180422
52897
513631
-908715
354159
603247
145147
-546827
-286843
6594
490585
20231
-836254
837016
-807783
-501223
920995
700157
141507
-976344
-655483
180750
-855067
166123
-856740
929096
605916
-455938
972933
-643020
823898
-392843
-823547
707513
-837934
493379
-394682
-910988
406801
-517112
767381
-607251
38108
845399
-813108
-177614
275083
86834
-893956
-975637
-224627
-10432
52331
-955572
643162
242487
322807
871325
712797
-1082
112924
921909
-980072
-807597
22646
600667
325803
801311
-260683
261295
-460838
-827559
901
746185
193131
-292010
576308
-238293
-337174
10163
190296
-140600
-527946
244008
506098
-523086
-480832
-216890
-311749
781851
-752800
901768
-3911
158936
-622103
-791079
-409673
-827921
284663
-632946
-483685
651803
-588666
667645
-896299
-798778
-334319
634770
-573607
650053
977717
683069
-39698
224007
-222309
-868399
-291616
-774581
70617
310734
-604150
509683
540772
759024
694391
102535
-176824
510585
-444403
432006
77873
-940346
-595990
-143190
226331
912242
-654438
422285
703419
106717
-902098
325595
-890457
265126
-228435
954772
540604
480863
-957039
390564
719157
55470
-931238
940784
-760242
-364198
105389
-342605
-176773
-547406
998802
233752
313757
749080
950828
266684
-866382
668119
-421409
-807951
-660305
-623896
867390
463476
54149
242307
644699
-705871
-816145
169495
961546
-975797
-40741
75389
-738524
963710
-547103
-514522
415335
-889420
588905
-589355
-207684
987093
-421598
-113038
459961
-425889
-483804
-457836
54762
130274
278475
574256
-887773
568387
512961
993966
-807568
460722
541119
709532
88334
844577
-668197
-537363
-782783
-248538
229039
924494
661965
-854305
203865
732823
-888342
-522660
-996085
-82246
679520
-832684
-589644
641452
573435
-694017
-692582
768182
87556
789916
921314
915032
-111105
654833
341205
815999
-701676
-650612
-493317
-335418
640855
-490178
-28263
-619916
-168498
631422
-603392
10222
586753
-137441
-199927
-565321
548435
329948
471353
691169
239062
161847
24608
-995574
-838509
-842887
307825
-607413
139512
-495714
-910830
-242972
-441282
451476
447854
103175
673786
-772152
-687798
268448
597588
270719
-765445
445346
162570
-542486
-721944
-554940
-608598
-582769
944313
183476
-74033
-69628
-209750
174657
-828965
-328131
866319
285637
29254
184031
-777666
-928053
-552631
698816
-29541
-839345
955182
902535
604919
939921
775893
-878121
15788
5294
-642587
472297
782080
-274472
-360445
-6852
114081
551726
385415
-312768
-572054
792212
808918
632662
757444
82852
-403987
543788
519000
-278749
-889820
580762
188572
-130088
-844949
-382601
202494
701807
-851919
891567
-356641
169024
330141
667305
-413524
691831
-892069
-388730
188555
-714915
986982
153930
-205041
76997
-297187
-539744
-659680
-868875
-428526
750189
-378079
-352201
-295857
-787483
-395632
57817
782054
431252
98064
527662
771132
-307330
594706
566003
705668
-873578
701675
264485
257103
-239218
360377
-459755
586759
-503379
-625759
178206
-915993
72219
-765806
-962131
-862722
-823015
146298
-842317
925264
-527450
632677
518939
72597
358477
461246
-410464
-656999
-602898
688579
-702792
327221
-246703
54900
787140
667061
-31301
961649
623167
-825832
730446
-45044
-740730
297891
23213
643514
18242
81553
-144609
821465
120371
-539487
-392036
-718827
-947784
-830263
-728102
-32334
753168
-813126
-733166
-258032
299199
886293
744476
51117
262736
704865
-996747
-1594
-115468
-924268
886113
618033
-427309
415430
-161453
-551659
-224496
-452030
433337
909206
704788
-148580
567243
424485
393220
-203649
-242916
-633776
-431317
414725
126209
334783
-490552
-940047
377587
988023
-826587
780353
-692498
-115719
120719
138497
865274
48238
240196
-896995
-604874
656940
789346
436040
-89871
-314197
-95400
-535170
-473688
-783252
-148173
-607002
-872166
-658842
-691694
-306569
-870651
-436669
103773
296128
225527
120579
782820
596815
478847
311344
262526
827424
263274
121156
-642113
-124640
499607
906382
-145280
579318
185209
580590
-65939
129651
-822208
354991
-297519
559953
-209478
624967
-58639
-922750
627616
-46399
-264663
-969851
-228219
660461
868609
807340
-126677
484961
806430
206069
-111136
567637
644305
-338222
164251
143044
112547
696457
-530081
961974
999684
831949
917394
161111
-765706
-266859
170410
802525
531568
-676787
810122
856732
-119942
-798105
142083
901896
-578314
-955573
-44949
-495706
-74211
466866
974249
-637989
824048
-867902
995253
-242892
325366
-182624
500853
-787339
844418
-75405
858584
-291491
-602295
613178
-665048
-178034
815687
932625
840186
181625
-329353
829505
441965
66394
559631
315796
163583
60183
-853395
485435
-347002
-46563
-26573
-436945
-36708
-695231
198661
928014
989197
-625001
728598
-677514
428980
-100077
-920076
-789943
485996
-697507
-594787
488122
-67766
239286
179860
956665
686781
223890
-732
860011
-196165
-245580
-402464
969612
-686978
-68266
-665590
470620
-592909
-722008
-610908
-213607
451652
531872
-62044
-299116
473897
50686
738188
-880853
-735866
-459135
643229
763542
-772420
521101
589361
603474
-760482
932533
-787128
-981838
-334116
-760935
553545
311341
-76271
-356939
-175546
257720
-769609
-105668
769062
-503513
-668178
760372
695013
-727698
-525423
-462105
-748968
51778
230561
868434
-230643
-438724
-177779
206475
-481830
-409069
135767
873435
-896503
692694
980513
535112
-236949
717292
199190
355782
-196245
125412
-5463
-316690
-725443
-219214
276817
195889
269961
-314892
43292
-60578
-193801
360054
186364
-925704
-152012
266863
294879
779823
-382639
657195
544003
-317362
5381
197807
-117749
-915869
-385658
-305458
-847480
-450999
-958340
385156
-699266
256351
-605239
464661
857419
-18815
224995
-821750
256091
155909
-748923
631480
-897765
-356986
323726
-586959
333225
427676
-46934
702101
213319
885617
37525
-854373
465938
175455
171418
63950
285263
532052
-653203
-32674
-248828
-83269
823509
-359163
360377
-377244
-160586
542880
-440382
-656747
-832687
-996471
-342121
654412
593416
-435771
487247
-343723
551062
386354
-124508
-258122
-152466
-779402
-746545
558762
-378355
261057
789004
178218
680337
-476529
666176
-146842
-17559
207881
-554241
-5762
-759265
-743219
-942661
-140578
-110982
-965269
-842070
-810441
131850
-44685
365134
-242432
216956
103221
459004
-427173
-743459
82985
-702644
-351410
-696553
-277780
670687
-935586
-253877
416144
-856711
-860858
146837
835544
-9001
865408
-994572
-514570
315120
-92046
657880
471313
954786
131088
-212587
557803
-706396
-313958
-954689
350647
-798296
-18805
-555720
-217869
-103822
-715308
789021
979880
794722
823355
58753
573080
-214885
104587
530335
-275155
198625
-246515
-449853
291474
-553729
-857625
816193
443765
42955
728038
-12278
-796057
-578131
-687280
858822
12602
773242
629467
-255707
-788141
156355
997581
797970
-869790
-369441
521827
759555
578278
254267
560216
763941
14066
603638
-761472
-200365
630619
791712
218658
841765
-25425
244899
322593
-209148
-148315
977281
-782935
557423
-133539
-237325
462887
-134748
822892
-826181
-506667
-853326
-646852
41697
331630
-478947
-930195
353964
126748
353441
953895
-751475
-218807
-362672
450684
808657
-989501
-331197
-848296
-572167
-573863
7161
-755907
153967
-759966
-999264
-448
-416740
-856535
406316
480797
-26727
30065
530458
521197
-631162
-20750
-495320
-704747
-450227
-518001
849333
-145290
-781153
-596810
990386
-658782
-900888
338281
-860865
-760726
661700
373401
-596943
-524814
792695
520296
367935
-960544
55568
-623952
-926885
342385
-585787
43705
-418786
-536014
-187533
-137158
-825821
-645511
469446
853364
-129446
-732460
-663526
-990954
-866879
7716
-275083
-233884
-667192
-688460
-450448
67205
90809
-684024
353067
-431082
-951530
-257878
555353
635043
-950879
438188
-357171
912180
-829971
267110
852973
41391
50693
-77661
701268
-251311
116311
-534173
682151
481114
-594982
-462412
-222132
21648
695458
766637
431360
543495
-558336
828556
490576
-885762
531145
686635
247048
-994536
482292
548872
-55303
-222325
-8338
-118041
684014
-107050
-888365
-322133
-227324
-342489
550967
-71565
-658843
-38829
-32728
296046
135161
-689815
872914
-846606
-361656
470448
-296740
-241135
277196
495681
-820395
135069
394402
346952
44965
-771384
740219
-706303
237760
651879
267033
-882393
626443
887136
-855091
-310488
-344704
868749
-318052
603660
568599
-159531
-103257
-819321
890258
581885
214622
603659
-547283
-427778
313200
-980250
-4770
-32073
-870843
-460574
957529
-625369
504236
27412
408180
593182
-752367
-179325
-857818
872079
268431
-262997
628437
-955371
778070
-675875
-640758
-2608
649037
822604
-710443
-762927
-663183
655550
-209055
198470
-502245
-6577
-81329
-571384
479781
623077
-793514
614613
-812938
22273
-10989
150367
-618574
14655
-528930
-820147
193802
394729
-858261
165090
483494
-49143
559059
-729793
304769
403223
-86922
-713243
-83868
378984
447113
777717
-723747
-552323
-481962
-657195
-67976
872968
304651
582994
7505
-396852
296857
943559
722095
-589783
-941282
-617428
-928919
-970416
-453404
-756901
75052
472491
-684544
932815
-111789
465866
-459907
-35473
-851469
792563
799229
-659858
814404
784507
648273
-185258
419394
-940667
308221
275491
566500
-603760
491517
-967040
562263
-180708
-348927
255013
351747
-952824
892234
342728
-816223
-465910
-621133
-793179
-729057
607436
331732
-39616
901695
-727682
-545746
-375791
-275757
390067
-497040
341754
786435
-267910
-242164
951343
-824591
-8275
760738
666643
472786
-631772
-427403
-874316
175055
858188
554032
112298
-259234
-614653
-694536
-430260
878610
-671311
-510299
840375
-37151
-236380
216853
-584767
-866577
-795313
474189
-682285
-692332
601497
985073
354778
-518219
10513
373919
-168534
854009
-360679
49954
75387
691817
926069
-3877
497608
-966628
868766
905316
-133281
267307
91535
-243814
-583016
752697
-383599
821558
-305093
466150
670919
-591777
-373717
-98414
220363
-127100
-26674
440645
500312
-284534
-753232
-901823
321326
-375964
-182769
-867428
-407092
313914
-531291
923818
334247
734084
681234
235858
791665
591403
259098
276830
-215810
-885144
-337921
-932425
-867655
518296
-762331
359355
-125591
952287
711704
-736682
-34429
149159
-932906
887205
397167
-565800
-164458
-362301
19855
776019
-271044
-559772
203746
-889488
482737
-984939
903729
-750133
-940632
138690
-273925
-171639
-413321
-453504
-99517
-411567
-345195
-817179
-850534
788832
132185
81455
299411
-338749
173434
-6377
328201
-542890
-377504
429200
466904
985663
988463
-448285
-142651
-386342
-113789
106178
369426
189666
927004
-125711
-937528
-310798
680522
917166
334268
769308
-482304
375116
-695584
219309
-990261
-198050
762338
141444
-456524
-556444
-773391
-124459
771273
557685
467023
852316
244776
-745359
601578
-913043
421888
660383
501204
-641642
-19262
-414684
95391
-365996
-987530
-560836
-334050
975069
-55616
392209
-933786
734564
231135
-208702
534822
-707085
623218
269403
299280
49577
-380150
796947
512195
114778
-429580
-102324
-577309
-607385
35833
479066
-758478
-889585
-342398
980836
876446
582747
17866
910771
-907428
-104295
218719
-357686
-844944
-857583
684376
556346
-392536
-852431
325193
449731
-180054
-660944
-88727
172071
-279996
357208
-740404
31147
648010
39710
-194725
922942
166442
47212
-110372
-218176
813837
-627054
-116786
540777
-843836
129958
-379053
-914403
-360571
638899
-225193
32092
-106888
434512
-388911
947472
-186105
-231602
-872780
-61206
-2
-948258
-162942
-696377
-544257
-222040
749363
-605122
-207401
835314
597536
-339839
-752148
-838807
-60854
-519340
-400602
-227610
-184195
-431429
-232890
-302862
-533085
768252
-869881
-50112
-609869
-567581
780601
949188
-307307
-47802
-470502
950451
-965708
145389
45674
658077
654988
981908
872061
-719591
-252054
-890267
458581
-353408
717281
-964792
62553
87630
-648030
-547578
-494209
-146524
-806078
-677364
-402450
-307863
565056
450210
972792
-444987
125825
-18524
-251958
-621921
-791171
-66762
-972010
-9969
-739539
533854
402066
115098
-343756
133545
-640138
864439
-211112
-576586
365465
463638
-137922
601173
-338762
-493856
-120083
-603920
992699
919322
336331
-499458
263937
-318157
26397
-138287
-951900
-322494
-892766
-182844
-905783
-163352
279188
508738
-227185
-218224
597118
-885993
290544
-674181
232823
416616
-39146
-212963
197439
-192183
72120
850079
586854
-567978
-77281
386555
563443
319262
102509
148791
784704
-74620
-793888
596368
555569
398114
-699415
-645862
-658230
241434
685232
-953952
-281536
540832
752563
54519
307893
-27077
-739853
-756240
581418
830950
300252
694245
41839
238978
102496
-544341
-709167
465545
86386
285434
764137
437523
-807623
721215
-201978
-551463
286312
600293
-848360
591585
156009
142553
-657476
208385
956449
-899526
-287286
-665034
201444
987907
881273
-775111
-671169
481757
-59410
214642
-281675
-619785
-47145
190605
-930205
691525
617691
558063
-232923
-570185
98744
649382
307970
-314813
-299780
437479
148217
-94357
746835
-405795
-907926
-633437
70001
39672
307233
-86767
91108
-600170
517040
-943009
-992799
764446
340954
-762825
-331374
-900318
-107546
403533
-81651
-392030
952866
-921918
382379
-417274
-623791
-388472
323390
-386758
371650
-865502
-263475
606983
-506326
-607248
515081
-162979
-447302
435448
965125
691527
-64305
594813
-894970
-80435
-381034
-621430
-670412
175722
-335730
-937301
-298747
-130317
-276201
135307
-383940
-424519
28020
722821
-889712
141604
985318
266957
-338096
-243794
-526316
459815
-635061
67549
-107595
-432021
220552
533624
363874
388420
115422
160789
28854
166296
-458692
264205
-840488
-636315
488805
739714
198534
-483834
-830844
-66196
-941199
802175
701343
709480
33915
904249
976868
-103284
716395
-310364
-911720
-859921
-939368
628711
-944936
444883
-613727
-736188
946980
526927
751509
-869519
-298902
36568
-468408
776237
233192
-778915
739243
-898639
-919015
473383
-704706
-700142
395506
-718861
657109
-508513
60507
-268516
-515024
-885392
-958527
-617215
110263
-516176
259020
-333968
951241
261714
-639223
-359535
664682
-867999
-238739
-923199
-676073
358410
-929041
494443
-599604
265122
-107674
685983
-972908
-318725
91747
-993692
-25324
-166762
335628
708931
-399470
-61744
-742650
352958
-491775
-558777
958764
396269
-459330
-355091
773567
778889
618319
34290
-708835
634942
-488038
-56549
523667
-458272
-412147
-735596
-572015
992629
-40565
526684
840529
-74662
-354685
-393408
-712595
-335076
265565
-434441
-763816
656842
234597
-419329
653187
-271832
-195965
947849
-237635
-964298
-885711
-185885
987939
-820423
447148
991884
-380722
122215
-9853
644472
-784323
97451
-429216
360455
24224
212562
-946248
-941156
-294380
-695522
-243437
-722369
689294
342170
27175
64766
589577
943538
-354329
-998402
-900376
-555225
-776588
617923
-278251
107753
144617
-911910
-32695
-537302
-473937
991607
-226518
-548294
970323
-923965
664776
-623400
538072
836293
-444595
-617534
-848086
833932
168713
-686248
-325737
-741841
974417
-273693
-413776
188428
828832
-874049
533212
-964079
102192
-504436
64453
-369210
-140098
130393
-907445
131352
101166
675608
-789259
476639
-604725
220681
-414871
-22257
942469
686378
-631762
-217698
-894644
658902
-145866
-715189
-482208
22272
-410069
-533116
774983
-846465
396083
-358125
979794
-438530
-228070
752443
-482071
589021
-548523
-8072
-760903
62420
329436
29531
689807
838491
68982
920893
58784
-752509
-271504
-240771
15829
7438
-799886
170562
-61542
-601952
960708
-734375
-930272
-946857
585567
207507
559195
148174
-610207
-195962
-220932
-355058
561616
-582276
206104
867806
-140530
-550615
967309
-764887
101868
-989
-805611
491142
442756
-392085
-23544
137665
-796852
-452037
381236
792910
886503
831600
-269039
-263140
465995
259716
-83407
144460
496024
240660
-936762
819854
155050
956945
-796189
80732
821710
821122
454009
205576
196814
973995
-806339
-472605
29044
837669
574714
858262
102759
150902
222661
89598
-460803
733724
333255
-982759
-468225
792837
-754741
747504
-302407
-293427
587075
727121
18653
-731163
-390875
-64775
888962
202773
417321
-533762
201366
533094
641595
-360736
-387239
-31683
-886619
655949
-858730
-35992
-392673
60405
-432475
-880543
169427
500823
43435
-655340
777145
805054
-391712
195723
996862
-703818
921037
294624
48790
380197
-757419
-357708
-707122
-63399
846322
181294
363333
-758551
914023
-903368
73455
520851
254130
-810918
-540763
-363166
-470465
-237342
-181636
-504347
689155
954452
892195
120077
405838
385180
-182906
479687
-449931
283588
661315
770334
590379
-356997
-209393
891926
-396040
-237570
-126030
-963773
122077
-46743
253107
-273445
252698
-80369
-532085
-69674
699430
-884205
-968267
607065
-732279
-985586
95748
15690
-886563
-462837
200154
834912
-213047
-383399
367434
-977973
411676
-915965
310112
231054
-355046
352660
-639476
87553
61370
-341292
910136
88405
95775
-163755
59237
278540
-116803
675337
886239
657054
907192
763010
543540
-989928
395549
754691
-845583
-413740
-473203
-712210
109335
-622990
-386590
572256
-253988
-523216
53629
167417
622709
-458317
-497040
507244
-998106
-27516
295492
308803
-544168
-170963
827764
497789
-369140
175377
-682577
-452951
-868690
-667132
993717
589314
351727
69206
223206
-282318
-778606
-325972
-415741
960745
-548411
118979
51154
985165
-297464
-472243
-831477
-311283
-112583
-488095
47844
226948
-165050
-312331
843411
28667
-506264
-78569
-509906
216268
208524
-121253
370968
825349
507800
-174083
-900342
-141667
223753
-389661
-377890
328246
-453465
176897
-443432
874149
806695
945827
-838343
-973693
-999881
397105
849354
572898
-342719
-179094
857334
537657
610743
562296
556531
-696995
678989
-566538
538855
-369199
-557318
-926017
19941
-974908
465980
-490142
-481778
355312
-605389
-593789
902220
-847892
902443
-205808
-670383
-254362
306737
-551436
-810534
833180
-806406
-653940
509700
-697717
-737004
-5544
61051
-638725
741586
321404
-272352
-79803
-587351
329188
392734
81951
-210513
-374270
-531706
154793
-297644
-127209
-701048
-430507
-993471
308618
-171056
-191515
-665861
-244108
617113
855284
-65986
-871803
-17454
427766
-826578
761607
966544
98477
-208317
38147
-808367
850512
-410605
-661679
999313
-563465
-140099
-314956
-315769
854781
363014
-74508
-727073
-97082
190827
814862
-645520
369742
689884
204391
809698
-457536
-395750
-880692
192498
-504676
-929183
863180
-255072
-327620
607325
-372685
-741443
-15857
825177
124956
-296526
887549
217989
182382
-275549
-47258
733936
-756253
-549343
-564261
-572219
-659158
859946
-152259
948591
244275
-261027
-396279
702817
-947077
-89247
689002
-237266
644792
-826303
854746
316161
-268470
-368683
48378
-336321
-229625
-292671
341048
503726
274815
-136024
193135
801901
-73058
369600
-925482
-626985
427779
744309
407684
-814433
832875
-267846
515709
614792
361558
-58020
763695
-638926
751457
544190
154862
590945
-156388
174753
746146
954587
-285429
558860
-687030
-137659
177941
-988543
-304972
909167
-778350
-44862
-862951
-627162
274776
-19495
300845
-319790
50755
-509649
527188
-12504
248302
-974308
-947334
-884999
-269808
-975815
204292
-487823
-185973
-936727
760036
-265872
617107
21487
-228644
-359518
-892427
-302664
-672709
-490812
-420703
-323580
-802067
606124
-619947
-224739
-79246
-600822
-611799
980572
535028
768517
910218
480256
199821
907947
-315809
651174
-40809
277685
303837
55424
970890
588141
663121
-117698
-924231
-644600
-370682
717632
749382
-184405
678823
-850262
961734
-535285
-486843
-652225
-117482
274850
667090
-908995
-13947
-145304
291675
-493702
861753
600675
-146031
459318
692576
-908891
-564792
549482
782593
-728734
602881
114033
-722039
-242440
-790869
332007
-890394
522989
620019
-341643
-546741
-600159
507800
995915
25235
842664
796815
295004
827887
-575552
328268
576402
-526371
-664386
827463
-279106
952833
970794
-47998
-374765
-896127
-996913
572928
-679532
-956231
851575
-80686
-643335
-938414
885611
-771626
52995
894717
-522292
-517312
-939325
980531
-35104
795838
151980
-872375
-507486
334631
-340176
956668
-504735
806723
-65082
614539
667113
880785
703687
-268757
-808378
-218624
925331
645917
831935
323503
-432010
-975294
904748
-192311
-615694
541042
743005
524290
615279
614874
360999
-446976
95343
-92878
-63735
416406
-670497
-859650
-611488
458688
-214769
104159
-99643
284232
-976530
197815
-491585
-557249
-235423
-31981
-253197
-725675
-173920
-443119
-75694
895028
-709754
515207
-147793
459320
-585679
776797
873432
-926211
196176
693721
-106271
-111787
759762
882645
769689
-266534
-342666
-106435
-473164
-841001
968339
413056
764920
169375
-638524
175066
492612
513388
296945
651500
343143
-565158
-545247
-528708
335001
799216
566445
-384480
323611
45743
-170911
-947043
313988
718449
-431018
-289203
-696001
-117292
-711718
-252762
657926
-501736
674625
-206400
-23312
-873439
554774
-515375
443495
762477
343448
891743
-823162
468851
-784430
111839
-154231
664497
-692374
-879805
971162
-377171
-891239
-258883
393866
201057
-225743
-673050
128544
-392139
52226
-108015
49149
-526296
-338124
746769
288020
-988815
342522
-590490
654532
-709840
716255
8557
728974
779183
853303
-790084
-521561
-619091
298946
-763788
272562
-227079
-592940
-928623
-349305
441022
659149
-762174
-810488
-295496
-655951
-246162
462756
-89421
290341
694193
125694
228272
-320115
-453987
908726
228536
-340396
218725
-822786
-120884
915700
-450756
-670601
741395
-829286
-8448
717673
-630774
-121015
-159009
416537
-754700
-880897
-145938
7689
-496473
-635751
-283872
215442
-362250
-968800
-370064
244000
255001
693883
557954
-438584
-652362
467263
-48841
445448
660522
968214
721513
-123743
61884
547323
303109
956631
-478341
109935
-630024
711376
-325743
823636
-399602
674733
-57801
-883767
-241473
482134
912367
268798
742228
-815807
-881891
-465477
-189237
640277
36551
-904655
-233342
126833
-698714
173076
-9647
707468
773935
559298
46070
-886066
-196572
-908190
748892
-599813
-332373
-853732
-711134
698315
-718901
990888
-123976
149773
-114614
-511490
-140787
21217
283967
-947749
311449
380993
9883
140834
-503185
33663
8110
205350
-884705
-213643
-661473
598429
256471
-629530
404210
-16129
-491466
147570
827271
-808274
-642296
-524061
-444486
930558
133235
386164
7253
15067
774180
169485
-5629
-613124
-203059
-196194
926529
839237
766632
-870098
313807
-842488
454879
-262019
996818
-214843
504
211017
-818778
-286569
206789
586186
517734
686708
-635715
123390
328827
-633596
-337316
449127
-792270
-982667
-96037
-15471
-752542
304816
561376
-773996
880201
-985712
362603
-479785
286763
-563892
708449
206101
71474
238116
-916400
889206
-397378
419676
-811943
600647
-546616
-973687
894749
275602
-308387
744513
923510
991720
855614
929560
-522323
-28296
261728
-545947
873521
-563098
-398055
-53690
-139254
-150833
-595778
-446427
-679686
591384
896565
-926295
267411
-260952
-40610
-416714
-792630
511631
-758450
-100325
860061
-658987
-399313
840858
-458577
158671
64683
-973063
-852517
-558752
-680396
730901
-637300
-487162
-817527
485774
-971979
-803902
415244
244460
945330
-135238
578563
-183661
952734
747033
98232
372125
593309
-320434
-10975
75614
-254266
961094
-59117
-640122
49988
-182160
466385
-641326
-189386
-77807
-913733
524088
305148
-688742
174375
127996
-555281
776380
-913192
-672811
-191483
454171
10933
547507
-112629
-125627
-236769
658716
-248525
147177
57941
621591
-864763
-254727
-460696
-136191
728172
253628
468529
-34683
-859819
813308
-160201
-649943
-594711
801841
346377
-630909
642280
302410
-20403
861486
-629128
108883
140889
375976
-97854
431608
-936647
82333
309820
631015
225717
-887434
-946321
96816
128640
-880176
-580124
410259
254010
298757
-756920
11120
459132
-196674
-516025
-87253
287662
-48787
697208
244959
-195118
-634999
-41908
-419631
-61479
-763816
-566620
313009
-84019
-811377
348461
329013
479890
342371
-720628
57796
62704
-967678
-132559
-993554
-270254
524998
26725
-121618
3758
-924352
451771
-174080
488450
423583
-601652
662172
-790252
-750714
758034
-996675
-571616
-485695
-726917
-316582
363620
716497
-5254
-748788
712293
839223
202940
-765821
-879637
-464016
441937
-198123
-233753
-409205
372746
-285947
-105518
-431225
-633016
-691797
-238331
-410531
-460539
-471000
-316462
508119
971191
200042
744207
796622
-426303
-880507
-241060
-522800
977349
313698
-223631
-600741
146092
675570
-835048
-364104
-97005
-600395
704048
213550
67367
634880
-731079
-225770
4718
-617942
98805
303831
344810
977958
604082
-204638
-852160
481669
-532932
-746279
719955
628840
325521
346865
631685
-42659
-674692
473576
527853
68685
-237097
629028
-280932
-433780
806221
921579
-55623
349
-940891
-693677
-681610
-474318
-414033
-110350
-674001
-922619
-537566
-39920
-694926
590650
169245
-264224
-164760
306617
-901082
-415965
241488
44510
806010
82610
107907
-834781
-635733
598077
-837183
-62136
525476
-39094
-739238
-922731
-224488
256186
-130424
638417
-259398
-747138
-745076
-905084
957730
187396
430483
216069
-414672
-243677
57082
265100
414256
711277
651477
-776819
-589177
462571
787361
-882008
228502
-957869
-829151
321376
859782
-227181
698414
-828452
34580
-130883
260467
-3909
-827524
-119224
175241
526522
645948
548646
299042
762301
187901
53445
45327
356793
-550172
101708
561140
-723848
-910488
-709788
132666
930873
-416504
-149824
32432
208477
-827583
283601
-865432
685105
-71607
-709916
-139622
21676
-988982
894637
-864530
526662
-195140
101692
-66051
-270788
424197
21606
705079
-594735
-869642
-577550
-54537
-766418
316125
-566119
-963967
283256
971488
-303786
375341
718402
916024
138482
-827282
435777
791350
-62580
253464
-21272
-311928
-489713
-23136
-138919
603558
709401
-422285
190101
987593
-394685
53333
338613
-510599
-552400
451932
-443951
477262
-529715
91008
-70633
789101
-657168
-420207
-373038
-189255
-812129
-527315
204325
-681745
221182
431373
771779
-346345
272837
902314
-655281
336917
-526234
-28453
-485857
700489
476245
-105807
146493
-282232
-629801
-369685
-416046
308749
-418946
-918542
-799441
558780
732848
-477722
967390
-900432
-319926
208772
232670
458782
-478079
783550
-177273
6497
-133694
216910
-799108
613432
771254
-977628
7640
125380
821310
336448
-395011
28401
-364412
810535
775114
-759481
-112377
-35080
121106
229373
-779797
596820
-405823
263311
556371
-491455
609439
-566798
187492
981680
-660389
946262
585103
676837
226464
73369
-175393
684619
800690
975680
862736
-469378
-168716
171837
672432
-701839
748124
501991
-454155
567991
-279754
-237529
-684049
641484
91470
-176276
194552
-417134
628736
498351
430872
-26761
-95029
-974729
520241
-868564
839075
-128925
-455025
198347
942002
-871972
-157257
-835702
-643150
251704
-275604
849739
-245059
-215408
266896
536830
97343
-174816
-270411
297842
161944
74933
137909
-377093
-516720
-102987
288037
-355026
-755884
538727
986381
79195
213410
-381460
-949659
388456
601892
-80393
154796
-684949
813760
357169
-594898
951452
-218271
-217279
558100
198554
-23873
876456
226523
899972
-405164
-962208
-878969
464308
231154
299274
647637
488477
-247775
683706
159516
719359
-989666
226133
913770
-866673
-633341
-262938
291644
-231471
-628204
161043
-837114
-668887
92054
417932
-23808
376326
841432
723962
-756863
513248
357016
30085
-207784
86261
-583655
304888
-924347
-204790
-270875
-786393
431104
-728947
133466
111147
241889
-617605
-539967
-85618
-748093
474166
-728541
-519928
264745
-695718
207360
-434219
941945
813501
-92536
-72749
977903
-802359
213780
-888671
-443671
700939
321678
-27736
-851037
-877037
709282
-327722
721293
812755
369609
-782703
765376
-406772
-38153
495399
-390475
338861
-715288
-506198
278620
-594301
-456977
-198775
577326
769863
-302558
886344
-624382
-137058
376901
623141
-928969
429696
-659480
-435436
264273
-936899
117657
-79634
615718
474917
-334847
-580045
-725875
-784766
731660
-494205
399231
-586878
65360
628370
-7027
-718832
256988
-302985
59075
242989
273391
-180743
859637
401434
-516282
132517
-587643
-737442
-168553
-105231
-572796
425930
-382339
489688
449554
-898034
752630
80005
489970
-614493
565267
946602
402371
-584606
98434
790690
-759158
472633
-572255
-660953
-772693
209882
-945878
-808849
751648
-518222
5444
91497
564557
692156
547773
-152896
92902
-647249
124651
-530091
572860
276545
-60300
80521
948326
850938
320312
351088
-993631
-185602
508012
268214
136865
-632027
-347724
409787
162161
781022
-541129
177492
283532
774982
-7472
-60106
-156886
513454
-62094
-784730
54614
-547912
-97281
-40689
39801
238893
121322
-492401
-20785
-478102
230125
-302129
449901
65133
-349829
15244
-746637
-834513
-914899
130585
-377583
-880817
-613746
-652753
-101106
-658775
-602677
59754
658293
-738746
985455
723305
719665
477553
821056
-784764
530648
-530885
-886153
-259008
737330
494153
210661
-644979
233848
859054
986095
-75279
386575
-469320
-498272
-725660
-808034
104013
-265065
-902400
138841
-734408
825542
-176446
-812879
139418
-769431
-24927
-329083
-665251
122734
-458397
604964
664790
-666217
-835735
18072
-292866
484558
97604
236594
-624126
130154
594263
-497223
877826
-101583
741395
-479750
-433456
217236
483530
1448
-882248
241109
719459
971696
52897
-464529
-102305
-196758
-156992
16498
-523854
595620
567162
46655
-587040
285748
-327666
125463
391640
-308355
-38140
-129709
-201998
-346645
542353
369891
416852
815420
-447040
238819
41591
-255960
-168858
753795
-883531
-656709
-294066
-467659
235724
158104
499994
-596433
-227981
-751983
192120
577126
-746002
64502
338193
773223
612824
-506036
527123
135366
480468
-109027
156515
917384
871149
-385250
446243
-74200
444494
-121719
-40292
-305037
77272
94942
-689083
817670
-437157
-529995
-438279
796484
-955525
850957
-862929
681688
-36110
493196
298685
-269598
63823
222872
-539066
-196161
-351889
798835
216584
-480230
859699
472287
664407
-182919
-863892
272573
-316549
480096
488262
489765
163398
199621
-897066
279279
620418
-762219
-98147
-8366
438502
-424871
-6699
-581590
384537
209991
265161
-131673
-487432
-259292
138445
-381614
-718277
-474045
-647710
-208923
-133087
-559909
-997186
406472
346327
-933667
-831737
-581455
-861963
494332
111505
-544948
-992614
-615320
395804
676111
-230343
661759
-621586
-974447
-491499
-298570
873452
48619
-730710
-861701
328405
753896
552227
676249
-667853
624290
844846
-408439
44573
-661301
809391
906562
345709
-33579
96851
-562750
471377
-646071
521808
237267
557353
860177
-405443
611581
165858
-506800
-616776
-771105
672953
-541310
70071
-731038
-244766
961603
635942
770890
-86964
788496
713972
656686
-758666
440524
63542
994348
-665225
688728
804303
-807160
422414
-36232
282875
510745
345699
-839304
-947470
-427113
552213
808931
468888
74112
-286058
757557
162904
-863823
-257376
862433
433975
-802180
365308
954585
-246945
-208376
242801
-471376
-665026
-743118
-995854
-597162
-254747
-779676
375039
229230
631672
183937
189595
-46924
442641
307742
-403532
810327
-224046
207946
193549
778568
320205
495616
-523466
402732
-679194
949014
-664166
392536
-191942
287337
-514104
944221
889550
-583992
-735836
648545
139645
-504507
183940
817187
-579215
673114
-95724
59252
-307264
900996
-389817
-814755
146328
-269178
-560389
136856
819709
-111050
-838404
-701652
-695710
344307
393922
549481
-895091
-157821
-267815
-992937
195406
-137442
346896
-519210
225262
-469679
-854747
-895515
-488989
875318
-97392
740058
25853
712380
674760
147088
580478
860215
-64772
-608023
-28012
-8530
-545775
970239
128332
-137701
-630222
988050
-234646
53607
-868207
-996505
-312580
-327359
-261576
-137616
-916169
-76450
-272700
79744
-62227
782732
-873241
857406
-661533
-148627
932399
743373
507674
721443
239904
607549
154688
-682421
807691
471045
839079
431425
-822324
-553403
-701739
790142
-426052
-241013
-297869
-89105
-16526
-203137
-226610
310476
-395564
771293
238154
166341
-435940
-262728
-965665
-667982
892752
-232210
587504
550458
-95645
525595
-436649
-996577
951445
-303179
-486801
-729065
493107
-495677
540048
-133741
-599141
-956255
-878191
-920562
105813
911693
-637963
562212
-59967
-946779
-245574
600044
-824998
144969
346938
659003
512859
312237
-527287
-828346
929781
355056
779097
719298
-113199
917594
127633
-447136
-399360
379514
-694862
34513
-848431
749407
-569460
-842130
-504645
70501
-668994
-368977
755867
-612730
187812
-726114
-157631
269655
-85969
-490728
-215319
-918051
724772
887533
-605997
529305
-305431
228564
-168696
649206
623362
-969428
861531
101839
-116751
514019
-397662
384749
-525882
598552
131895
-134311
-940128
-235902
545624
567433
645497
-380711
-955639
1235
-796893
-32516
302124
563923
-368123
-948773
419058
-279224
-757963
919595
-752269
90249
-913824
-716985
247031
-346911
872918
-825909
-631912
518560
-158370
318974
-35172
-133988
-688317
14107
77890
779072
-470735
-204326
417161
-708194
237218
-839028
563208
-258342
-896865
-416138
-970313
30926
-299720
-794651
9927
-910140
598198
-772662
550800
-266886
-709709
101964
-8505
954898
981834
-773238
324923
-137118
980212
-466202
193800
729872
-813660
-66271
-869520
-69254
657736
-180528
352234
883789
429488
35344
-963705
143214
-943376
-506846
625228
521069
513728
-247505
88116
-548759
968321
-313596
-50732
-131445
-333143
907787
558176
8374
477017
871101
284813
-88543
-893712
-487925
-766666
-84027
404187
-266098
486497
-500994
677236
-183680
-430367
868279
-271433
819099
-648127
-569760
-854572
108067
497609
-402362
-963381
167640
-95904
-74076
-750394
400685
-695287
764354
-468220
-870080
762353
484466
992934
-100029
-770873
-827971
647215
948016
287986
778037
479107
230262
-548992
863275
-284771
27013
-443273
202360
966141
543816
940684
657420
-279116
536317
238101
-666933
-544604
173713
-381412
721106
-551312
682837
270462
-529757
309795
-849555
-39277
-753867
-226595
-740443
814680
-979979
-288256
169305
-869301
624216
-194305
-893847
904494
-641876
-711331
540731
-336631
-839888
61561
792433
-394656
879256
-209374
-979023
-533167
-557550
-8969
825549
526536
590305
-380561
965854
-677929
-656242
519618
407937
217948
-572357
301073
412832
615867
-702988
-312347
413630
-232610
-847871
-585591
836223
527311
406076
-563416
113115
875514
-838718
-257370
332992
-942917
339672
-384419
377207
-738142
138632
-146147
-302920
547708
-632597
135801
195668
-762212
709278
725759
676807
-555773
-837623
522989
-818195
273225
-621348
407361
-781873
280823
852961
695090
-450055
791905
708351
-802746
87302
-45281
57568
-403533
835596
295974
-790759
767783
-61631
435585
115154
328111
692064
-656979
-570922
191667
43136
-682973
411997
680269
332133
721166
190487
506218
881346
-946592
338492
256840
806433
18877
880300
449475
618127
-568264
-813259
-571859
576136
7511
836596
871569
362798
-206519
480175
-988096
-196421
-814771
-435459
-712421
-336854
-877051
232475
-839402
-467136
917945
896107
609116
680405
513546
95326
-264563
-688932
-161938
918977
-661778
389137
-153203
-552308
860010
466561
742977
556173
-731720
620149
661775
-257254
-238632
-275968
413857
837503
788835
619965
-241261
-518352
-355377
729808
399246
767686
976453
-690602
682740
-522839
975654
-310912
187013
-454173
-107678
331027
-19251
-812207
-881910
-663012
791356
-244595
-912442
337233
-452586
383175
-671286
-164950
29177
727593
-501711
208892
-910249
-579115
-706718
-613664
-69019
-118273
-732259
839391
-826749
807805
334939
-136582
648011
-702681
-294943
-251101
-120429
125939
-910339
417840
-137697
447796
-505051
912941
286536
-569549
-481143
-115986
302430
-833203
593672
-147318
-256305
-756030
-31498
-441229
-211904
839519
51139
-981513
-518093
275673
334148
598378
46338
-733450
-2605
-509686
-807044
-95848
280950
-175717
906233
201097
380240
-431266
-917954
-748832
-695909
-161009
187074
-284428
810097
-688559
-22786
311044
758126
966090
-208395
982546
988832
-881303
-311435
186844
416053
-739546
-278485
682515
-533209
-673748
-501917
279088
95781
-4517
357428
960004
951922
448724
549931
336582
201463
175805
-888484
231885
413773
944204
990186
-892125
921746
-280390
-423737
678524
-712852
-750346
-254898
769129
745133
430159
744189
-995959
907844
-197697
-610366
675310
-534011
919963
-410241
-952458
-587818
881771
-974437
-208889
989222
-35288
-141471
-46062
821588
682734
-765118
191830
70074
-192066
-100042
424105
-624511
76876
452434
838616
204512
399717
-173610
703867
-230723
-950464
197078
511448
-990342
746466
945103
888548
-403454
-209188
463978
82550
-155376
-305712
-909657
-951348
-777700
859898
-37169
-963776
544441
-227269
366896
-369210
401805
84410
-913337
-103118
-273010
-491139
-797280
-622752
878924
-149633
933264
663315
-340735
471881
-63553
360338
-479748
865825
-548139
-752453
580389
148144
888845
-728697
-626422
-207232
369251
-97403
572186
824972
-17544
-658766
11451
-380301
146729
-599877
342856
559745
328570
439465
314325
-575581
-740887
395563
-107447
916920
-107571
953201
-957624
-52656
-72928
789758
-859208
-247408
-242539
-435236
390840
-770836
913889
107016
-279586
139647
-701752
-485257
285718
-870385
-339036
-870600
-612105
-987512
308545
712263
287652
6931
447299
-103493
342890
-479767
369207
-732488
-754613
-512635
-448320
-312777
-531874
19954
-227233
-893272
160066
-105917
965255
199407
-146556
-162627
-589287
-135495
-520434
252249
-172986
211307
-4458
-244974
189741
-364714
15628
-282796
-628439
410367
777001
-186144
407510
362988
-563018
-471882
-837982
-713611
438198
872605
-343529
913996
809095
577612
-510898
789230
-788647
274777
-252191
-876360
363317
-210803
-856783
-801883
683338
266340
-891415
116440
-642503
405881
-475412
-376248
-437131
-344206
676117
25514
616762
78115
-748978
-428467
-537223
-944181
-262497
-265571
679143
-961283
-964612
-232010
-15412
-769423
-903734
200277
148288
979308
401312
225190
-213664
-871765
-801652
-232500
-645781
794562
387047
-279548
820866
-35186
267916
-15366
-410967
-278580
306789
13447
-935194
837919
446615
-121763
-518448
584099
20844
-914658
-699650
-733628
-667171
-396264
794552
532028
-132695
-89748
-116179
640414
71492
-328336
-932684
378863
-904985
552409
-179093
906139
961071
-199643
655018
-886096
-704988
-575332
-78488
-819040
-304781
-746957
798561
-639886
450441
353740
-624770
900616
113019
354595
-904490
-652645
-848870
941510
18484
289224
238407
-556222
32192
-497477
-688050
844417
-287926
141362
-112313
520040
959952
433962
-159173
-234123
-654268
889465
164622
759522
-954209
-672201
-982853
-280790
-985744
-514227
830197
95623
-50283
272828
-331130
-305055
590168
-50784
-705751
-678812
344637
713862
724789
104632
-843002
582701
251074
-416076
-961371
-826532
-647568
487479
-730958
-689025
-20461
702816
542450
182137
-611177
-675470
-776220
434993
648750
498650
-533082
20196
-386031
353965
-106296
-752808
-389474
87341
651347
640459
-712492
-888995
-335757
-129762
-644481
-43079
464402
649136
288338
200572
748302
530435
-135601
462890
183025
-142459
962638
-300735
-951259
694434
302632
-319567
-284439
578
-514750
673478
398593
478154
-692925
-11824
708442
215701
-626054
-37231
426743
772409
-185233
484886
842906
-50340
-76908
165081
-830777
-495005
127626
-49970
-944893
733349
381747
-498571
814720
488162
615751
-107706
-775755
-124340
593495
920727
115389
133122
233547
869202
-23262
-908457
416270
969261
543987
427896
530616
952704
-442557
-622710
30665
501095
-534052
-169543
346309
867301
-331722
-690730
765353
333950
900453
-766290
836688
478565
512729
798558
657880
-990891
935796
-579242
-267998
620035
802705
325790
191946
-869437
-324444
-880520
625582
-934608
-755386
73459
817709
-988528
-335636
-871701
561425
-375560
-509946
608942
-250320
-3323
-863930
-527959
667220
199419
-167757
976602
-309414
-588408
398053
-35829
-73711
378453
-678591
-364878
918886
-475302
511941
-907764
776344
-419046
-451409
-33896
283764
-93749
688552
454281
-907534
717975
903219
53675
997818
-273709
-999309
285588
-411334
-530255
-322762
638280
-374900
31139
900227
551817
-827021
-940689
-756462
20807
340916
-515783
866439
78207
470954
496136
-246483
-802295
-612791
-976219
-613391
-907785
188089
-699666
66454
894679
522223
-529379
117467
-341832
597474
466105
29822
456913
56230
-237344
-338062
-632612
188479
207083
-866288
-875829
337838
27223
-664947
-36846
617762
448477
374407
133654
343386
393515
674159
805106
513582
150046
-595615
-677930
-277911
-128993
614002
-860490
-292012
493605
-295350
878591
-316909
-661002
746475
408711
-511150
227381
291009
-67511
907147
793455
-46668
-46305
74598
-270592
-447394
781454
-558718
283590
-475101
-750690
765326
-321532
771065
-731674
-287409
132786
-540580
18869
-475591
612018
-492307
661977
887496
-1816
810287
210717
710995
373250
264107
922302
677716
-279227
727881
163905
-555297
324796
193654
515634
120410
298163
171675
491596
-882299
683843
-166940
94747
-125102
-678409
392540
-906035
735908
499549
-868717
170409
-739226
18759
-126993
924875
217764
-882421
803208
418380
569237
17068
329541
-260154
-233376
-664118
732226
-257453
-900501
-834132
-942539
463643
-454191
63651
37790
203714
-301730
-895112
677026
-603148
-762785
886887
564771
222574
926069
-206396
789997
235382
-245663
-103446
781631
-841925
-655877
-217070
21044
249455
796970
227021
100948
-88806
191549
119685
56551
-879471
-199115
-884869
87387
-231258
-813495
-113032
-647333
-10272
-914620
128402
900894
345958
-866088
182984
-646407
432372
509213
919633
-449428
-455651
646989
168382
-478449
594440
544265
-202611
558255
-685479
-780449
559619
661917
699308
-619088
-724496
402691
-262334
767742
677580
357073
570958
85641
-960858
-245432
178526
429913
-337533
784721
-675248
859675
-386770
-711289
-851159
672193
562104
997082
453179
872923
-554896
657465
-15089
558931
-489334
67469
-744020
146905
-987397
-479214
663205
793516
567630
-724627
328027
492265
-496756
-52192
522876
-150471
-701523
63850
608187
-102408
452234
81424
-5433
-238098
520508
-554752
-686442
276368
628406
-293829
-605043
691516
-879145
-299394
961545
547331
252095
-935872
-732780
-725615
798768
15535
165
-226314
479134
941856
-557253
91793
-102132
528860
-253105
282283
-170038
-959774
-339028
637424
-740544
-347939
-921000
-581091
481622
73535
806804
-745178
-137508
-18770
-919938
601803
367252
750057
911552
625577
-484102
-976452
-938710
615971
374382
667490
-563533
666298
-736342
641681
-857303
-188755
412792
156433
626715
-411059
-927378
731184
-67276
-545899
921546
331622
102295
-706852
941506
94004
657373
-279412
614072
-656561
-181584
-506681
-491171
558531
-735195
-396001
970500
658713
-229430
-723432
551142
-682255
364605
595815
384733
-537472
581376
-459174
952138
-419271
-888374
365997
872645
268579
665344
838471
793619
-251768
-992968
-139795
154963
-777775
-983759
-566685
930370
-350440
-722307
-562376
877325
664425
336234
-134147
780276
-475075
724160
-284905
570642
-945432
421861
-149534
493413
711942
188580
779577
-823296
-302587
73971
930296
-56763
-998612
420084
-978151
-691352
-77117
722747
-708261
-944065
-325547
-620353
627389
-92190
-584085
331188
380878
-448940
-556721
-42463
691450
5980
874332
961503
-954461
34169
-842274
121713
367837
-962659
649875
367196
919552
825268
188083
-680313
-692540
-829338
990122
-414526
15754
-990271
-409782
354967
61748
688942
-305438
-9685
-286265
-369261
305382
-152302
-597656
951583
-105148
-406385
-779349
214942
543622
-940374
-252454
446567
913668
-56769
392539
-265903
-713885
314517
-504283
-774579
404354
858192
-998598
756720
536365
451773
-174161
-589786
-721688
931822
426271
546617
-800655
43610
-699773
-141867
370348
140113
-583378
901005
545927
730653
750426
990345
998315
-482448
-228106
270519
916466
942910
820518
-970364
-390675
-885309
463648
264875
-27055
376293
-359267
-544457
151256
714957
685592
-403592
996380
-520569
263040
246479
594338
816427
-511761
52515
-562041
44369
-888360
-913671
-780936
376537
818872
296344
299095
297498
487392
210982
-121313
306687
109873
-408778
-539834
611171
279862
-322206
-750606
-290481
700438
-427074
-884011
-38151
917015
-506989
135418
-196461
-494404
-85577
380115
667709
415740
-366441
98641
960697
-26001
-777093
-693176
985392
-152
-26814
610201
110991
-982085
-878385
440517
-185076
387052
-906176
644468
992171
-998175
238431
-342904
792586
363328
-73501
896544
386269
745251
119525
-66114
655566
372019
62556
655326
-173316
904154
84664
-871662
917321
-109300
-42622
-12340
-281992
651912
-109914
-227415
965071
-303662
499312
-9333
140683
-877092
-955857
-787094
-221565
101020
756711
-478274
667534
224508
-882789
161229
-692823
-730427
890364
-819911
-760040
327223
-47941
356198
-315692
-317576
239507
382761
529622
638261
518942
-783830
-673647
254563
389362
-769802
608044
747500
-783180
745744
-385783
-386812
878518
463838
405594
697194
822791
689377
500744
84480
-249594
-999652
826148
652332
-697939
652990
857148
241871
-462485
-229549
337177
-716553
598437
-958558
152135
321986
-36824
448751
563630
-755400
-134567
-881770
926393
-318818
-505022
-83163
-457188
-207285
820842
-770497
54730
-592722
-502789
-44904
-829820
26944
-563057
245631
-269543
-79279
-149005
488424
910011
-100438
-741647
937107
-582492
602919
358719
849368
-198036
536139
235828
-220647
-214895
-580946
39467
445142
388173
997282
901699
-749292
330992
-871182
282834
-431706
887099
781037
-624305
797609
783671
-449007
-185337
-569112
-698259
-751981
-598667
-956370
-886305
382110
41990
-1005
315485
391764
-663472
965265
-894426
424647
538412
-476673
-962066
605383
-922765
-323237
641081
-636173
-577765
-47146
-809913
249062
-442743
177493
-281703
-881597
-647071
-395926
-724204
-701205
-187983
467919
747783
-253427
152059
977946
939100
-187461
744749
-218554
813562
-893889
198298
891924
-831357
-133431
-85977
666161
299289
-783677
-129279
263243
-414078
946398
-292629
398521
746188
-305804
746821
576860
188906
707952
157780
-423924
-734193
918565
2987
-517746
663322
398844
-775432
742225
445355
52545
-878369
-149450
529932
-640291
-280450
-396890
-380519
663904
-758205
-708847
-989689
135645
-478264
734470
836418
120111
814717
-751368
193147
-416095
-438825
-593879
-618076
631365
741294
-711540
-317609
883156
-647155
-749171
-371826
508876
-319430
171458
-555449
124141
922031
725225
452223
-761964
500178
312367
-45945
-519403
749961
925687
-906522
158860
-240275
-266705
-606699
615919
243600
-368862
637767
-737530
-367795
846020
929941
46539
446418
-215334
-944850
310978
355427
-859824
90195
-357823
-883121
829268
-909002
697091
-406730
-180789
703462
-212703
515158
-748880
206681
603472
745337
82872
-706949
706234
53816
-233145
-125397
-178502
-483691
-262444
291502
-734391
-998863
-190752
-588129
-796034
-478404
234413
669957
434005
475354
432895
197175
-392717
328112
842844
556960
86198
-890863
280096
-658437
-567585
185383
-778650
-458418
-333445
717351
-253743
378736
-669940
-430897
-463470
994104
-897583
353115
879499
44769
876086
745754
865162
-203608
153271
788508
-875915
562250
-567489
890729
-276656
-927481
-176436
-138217
-341851
302639
131471
330366
-748321
899271
-790272
-243008
-710477
54697
925911
-51361
-843030
613002
-681
-689555
754195
-361340
-123574
780430
185331
900039
-686049
365514
-942998
-242491
-26653
-707478
-493872
-231407
-569807
512304
896063
-239650
679766
267586
-798868
446493
-467522
-475925
-693394
266970
-955498
437711
-893044
-975160
-392213
-516839
-721864
-68831
-581727
-8931
-673027
-460115
-575825
-474418
-534267
-36248
-581281
554126
146230
575301
-667074
-429010
556705
-834744
327692
46211
-10998
-834253
360698
351709
193678
283148
-804260
-437240
93524
662294
-46720
-564604
179812
511153
-124312
-350222
-977304
-82858
244724
957234
878000
-222354
6557
739344
262552
-87604
892604
830330
917458
-892927
298442
714875
-819505
-555460
-173466
81981
102859
483488
-709562
29849
-825846
-547790
349203
-954520
556756
-77564
425858
250094
923382
953948
-126227
884836
479928
-698282
960865
-477634
-586069
202729
54920
-61459
-551325
486267
479744
711844
-202029
304785
215392
290956
-331680
772895
309876
192744
-261069
285762
320876
888766
-598767
-113101
-799325
370107
-229096
912500
-944696
-891598
194818
-723857
458507
993373
45524
-882464
383538
645889
971664
-961474
-858755
560156
348853
-379337
-537042
237751
-62677
-536100
-772337
-905861
784412
904614
272459
348297
154200
-100357
762375
-380086
554925
-864683
970722
-859187
487924
-310567
947488
-137939
544839
430818
859490
710269
538608
668515
307614
-770570
631545
-341354
-60269
-300657
-183043
-518121
621979
-548572
442834
-315865
-639383
-355582
937158
-797105
831675
857436
-275099
774940
334203
317501
-699807
407868
613068
695359
361386
703889
-840993
-127774
912727
475272
-13957
919875
-120049
-611954
-995244
-445712
109328
57663
205757
-169015
-911355
-171212
315496
763627
-584009
-217298
498666
324930
519772
829548
139492
657820
986774
887691
21549
714460
628250
-410004
36040
659761
-19111
-404514
-133119
-571758
-899706
-992527
798286
119590
-830118
-510125
843290
967153
257827
574264
-778643
